4294967278,132
4294967278,131
4294967278,130
4294967278,129
4294967278,128
4294967278,127
4294967278,126
4294967278,125
4294967278,124
4294967278,123
4294967278,122
4294967278,121
4294967278,120
4294967278,119
4294967278,118
4294967278,117
4294967278,116
4294967278,115
4294967278,114
4294967278,113
4294967278,112
4294967278,111
4294967278,110
4294967278,109
4294967278,108
4294967278,107
4294967278,106
4294967278,105
4294967278,104
4294967278,103
4294967278,102
4294967278,101
4294967278,100
4294967278,99
4294967278,98
4294967278,97
4294967278,96
4294967278,95
4294967278,94
4294967278,93
4294967278,92
4294967278,91
4294967278,90
4294967278,89
4294967278,87
4294967278,86
4294967278,85
4294967278,84
4294967278,83
4294967278,82
4294967278,81
4294967278,80
4294967278,79
4294967278,78
4294967278,77
4294967278,76
4294967278,75
4294967278,74
4294967278,73
4294967278,72
4294967278,71
4294967278,23
4294967278,22
4294967278,21
4294967278,20
4294967278,19
4294967278,18
4294967278,17
4294967278,16
4294967278,15
4294967278,14
4294967278,13
4294967278,12
4294967278,11
4294967278,10
4294967278,9
4294967278,8
4294967278,7
4294967278,70
4294967278,69
4294967278,68
4294967278,67
4294967278,66
4294967278,65
4294967278,64
4294967278,63
4294967278,62
4294967278,61
4294967278,60
4294967278,59
4294967278,58
4294967278,57
4294967278,56
4294967278,54
4294967278,53
4294967278,51
4294967278,50
4294967278,48
4294967278,47
4294967278,45
4294967278,44
4294967278,42
4294967278,41
4294967278,39
4294967278,38
4294967278,36
4294967278,35
4294967278,33
4294967278,32
4294967278,31
4294967278,30
4294967278,29
4294967278,28
4294967278,27
4294967278,26
4294967278,25
4294967278,24
4294967278,0
4294967279,23
4294967279,134
4294967279,22
4294967279,20
4294967279,19
4294967279,18
4294967279,17
4294967279,16
4294967279,14
4294967279,13
4294967279,12
4294967279,11
4294967279,284
4294967279,10
4294967279,9
4294967279,8
4294967279,7
4294967279,6
4294967279,281
4294967279,5
4294967279,280
4294967279,4
4294967294,5
4294967278,180
20,5
4294967278,179
20,4
20,3
20,2
20,1
4294967279,293
4294967278,178
4294967278,177
4294967278,176
19,4
19,3
19,2
19,1
4294967279,292
4294967278,175
4294967294,971
4294967278,173
4294967278,172
18,4
18,3
18,2
18,1
4294967279,291
4294967279,260
4294967278,171
4294967294,473
4294967294,0
4294967278,170
4294967278,169
17,5
17,4
4294967278,168
17,3
17,2
17,1
4294967278,294
4294967278,55
4294967294,1088
4294967294,924
4294967278,167
4294967294,387
4294967278,166
16,4
4294967278,165
16,3
16,2
16,1
4294967278,293
4294967278,52
4294967278,164
4294967278,163
15,4
4294967278,162
15,3
15,2
15,1
4294967278,292
4294967278,49
4294967294,89
4294967294,908
4294967294,967
4294967278,161
4294967278,160
14,4
4294967278,159
14,3
14,2
14,1
4294967278,291
4294967278,46
4294967278,158
4294967294,915
4294967278,157
13,4
4294967278,156
13,3
13,2
13,1
4294967278,290
4294967278,43
4294967278,155
4294967278,154
12,4
4294967278,153
12,3
12,2
12,1
4294967278,289
4294967278,40
4294967294,394
4294967294,24
4294967278,152
4294967278,151
11,4
11,3
11,2
11,1
4294967278,288
4294967278,37
10,4
10,3
10,2
10,1
4294967278,287
9,5
9,4
9,3
9,2
9,1
4294967279,290
8,4
8,3
8,2
8,1
4294967279,289
4294967294,974
4294967294,46
7,4
7,3
7,2
7,1
4294967278,286
6,4
6,3
6,2
6,1
